477.0	6.0	52	192
477.0	9.0	215	222
477.0	3.0	24	267
478.0	3.0	26	269
478.0	9.0	215	222
478.0	6.0	51	193
479.0	9.0	215	222
479.0	6.0	50	194
479.0	3.0	28	271
480.0	9.0	215	222
480.0	6.0	49	195
480.0	3.0	30	273
481.0	6.0	48	196
481.0	3.0	32	275
481.0	9.0	215	222
482.0	9.0	215	222
482.0	6.0	47	197
482.0	3.0	34	277
483.0	6.0	46	198
483.0	9.0	215	222
483.0	3.0	36	279
484.0	6.0	45	199
484.0	9.0	215	222
484.0	3.0	38	281
485.0	9.0	215	222
485.0	6.0	44	200
485.0	3.0	40	283
486.0	3.0	42	285
486.0	9.0	215	222
486.0	6.0	43	201
487.0	3.0	44	287
487.0	6.0	44	202
487.0	9.0	215	222
488.0	9.0	215	222
488.0	6.0	45	203
488.0	3.0	46	289
489.0	6.0	46	204
489.0	9.0	215	222
489.0	3.0	48	291
490.0	3.0	50	293
490.0	9.0	215	222
490.0	6.0	47	205
491.0	3.0	52	295
491.0	9.0	215	222
491.0	6.0	48	206
492.0	3.0	54	297
492.0	9.0	215	222
492.0	6.0	49	207
493.0	3.0	56	299
493.0	6.0	50	208
493.0	9.0	215	222
494.0	9.0	215	222
494.0	6.0	51	209
494.0	3.0	58	300
495.0	9.0	215	222
495.0	6.0	52	210
495.0	3.0	60	300
496.0	9.0	215	222
496.0	3.0	62	300
496.0	6.0	53	211
497.0	6.0	54	212
497.0	3.0	64	300
497.0	9.0	215	222
498.0	9.0	215	222
498.0	6.0	55	213
498.0	3.0	66	300
499.0	9.0	215	222
499.0	6.0	56	214
499.0	3.0	68	299
500.0	6.0	57	215
500.0	9.0	215	222
500.0	3.0	70	300
501.0	6.0	58	216
501.0	9.0	215	222
501.0	3.0	72	298
502.0	3.0	74	298
502.0	9.0	215	222
502.0	6.0	59	217
503.0	6.0	60	218
503.0	3.0	76	296
503.0	9.0	215	222
504.0	3.0	78	298
504.0	9.0	215	222
504.0	6.0	61	219
505.0	3.0	80	296
505.0	9.0	215	222
505.0	6.0	62	220
506.0	3.0	82	294
506.0	9.0	215	222
506.0	6.0	63	221
507.0	3.0	84	296
507.0	9.0	215	222
507.0	6.0	64	222
508.0	6.0	65	223
508.0	9.0	215	222
508.0	3.0	86	294
509.0	3.0	88	292
509.0	6.0	66	224
509.0	9.0	215	222
510.0	9.0	215	222
510.0	6.0	67	225
510.0	3.0	90	290
511.0	9.0	215	222
511.0	6.0	68	226
511.0	3.0	92	288
512.0	9.0	215	222
512.0	6.0	69	227
512.0	3.0	94	286
513.0	6.0	70	228
513.0	3.0	96	284
513.0	9.0	215	222
514.0	3.0	98	282
514.0	9.0	215	222
514.0	6.0	71	229
515.0	6.0	72	230
515.0	9.0	215	222
515.0	3.0	100	280
516.0	9.0	215	222
516.0	3.0	102	278
516.0	6.0	73	231
517.0	3.0	104	276
517.0	6.0	74	232
517.0	9.0	215	222
518.0	6.0	75	233
518.0	3.0	106	274
518.0	9.0	215	222
519.0	3.0	108	272
519.0	6.0	76	234
519.0	9.0	215	222
520.0	6.0	77	235
520.0	9.0	215	222
520.0	3.0	110	270
521.0	6.0	78	236
521.0	9.0	215	222
521.0	3.0	112	268
522.0	6.0	79	237
522.0	9.0	215	222
522.0	3.0	114	266
523.0	3.0	116	264
523.0	6.0	80	238
523.0	9.0	215	222
524.0	3.0	118	262
524.0	9.0	215	222
524.0	6.0	81	239
525.0	6.0	82	240
525.0	9.0	215	222
525.0	3.0	120	260
526.0	9.0	215	222
526.0	3.0	122	258
526.0	6.0	83	241
527.0	6.0	84	242
527.0	9.0	215	222
527.0	3.0	124	256
528.0	3.0	126	254
528.0	9.0	215	222
528.0	6.0	85	243
529.0	6.0	86	244
529.0	3.0	128	252
529.0	9.0	215	222
530.0	3.0	130	250
530.0	9.0	215	222
530.0	6.0	87	245
531.0	9.0	215	222
531.0	6.0	88	246
531.0	3.0	132	248
532.0	6.0	89	246
532.0	9.0	215	222
532.0	3.0	134	246
533.0	6.0	90	245
533.0	9.0	215	222
533.0	3.0	136	244
534.0	3.0	138	242
534.0	9.0	215	222
534.0	6.0	91	244
535.0	9.0	215	222
535.0	3.0	140	240
535.0	6.0	92	243
536.0	6.0	93	242
536.0	9.0	215	222
536.0	3.0	142	238
537.0	9.0	215	222
537.0	3.0	144	236
537.0	6.0	94	241
538.0	6.0	95	240
538.0	3.0	146	234
538.0	9.0	215	222
539.0	9.0	215	222
539.0	6.0	96	239
539.0	3.0	148	232
540.0	3.0	150	230
540.0	9.0	215	222
540.0	6.0	97	238
541.0	9.0	215	222
541.0	3.0	152	229
541.0	6.0	98	237
542.0	6.0	99	236
542.0	9.0	215	222
542.0	3.0	154	229
543.0	6.0	100	235
543.0	9.0	215	222
543.0	3.0	156	228
544.0	9.0	215	222
544.0	6.0	101	234
544.0	3.0	158	228
545.0	9.0	215	222
545.0	3.0	160	227
545.0	6.0	102	233
546.0	3.0	162	227
546.0	9.0	215	222
546.0	6.0	103	232
547.0	3.0	164	226
547.0	6.0	104	231
547.0	9.0	215	222
548.0	6.0	105	230
548.0	3.0	166	226
548.0	9.0	215	222
549.0	9.0	215	222
549.0	3.0	168	225
549.0	6.0	106	229
550.0	9.0	215	222
550.0	6.0	107	228
550.0	3.0	170	225
551.0	6.0	108	227
551.0	3.0	172	224
551.0	9.0	215	222
552.0	9.0	215	222
552.0	3.0	174	224
552.0	6.0	109	226
553.0	9.0	215	222
553.0	6.0	110	225
553.0	3.0	176	224
554.0	9.0	215	222
554.0	3.0	178	223
554.0	6.0	111	224
555.0	3.0	180	223
555.0	9.0	215	222
555.0	6.0	112	223
556.0	9.0	215	222
556.0	3.0	182	223
556.0	6.0	113	223
557.0	3.0	184	223
557.0	6.0	114	223
557.0	9.0	215	222
558.0	6.0	115	222
558.0	9.0	215	222
558.0	3.0	186	223
559.0	6.0	116	222
559.0	9.0	215	222
559.0	3.0	188	222
560.0	9.0	215	222
560.0	6.0	117	222
560.0	3.0	190	222
561.0	6.0	118	222
561.0	3.0	192	222
561.0	9.0	215	222
562.0	9.0	215	222
562.0	3.0	194	222
562.0	6.0	119	222
563.0	9.0	215	222
563.0	3.0	196	222
563.0	6.0	120	222
564.0	3.0	198	222
564.0	6.0	121	222
564.0	9.0	215	222
565.0	6.0	122	222
565.0	9.0	215	222
565.0	3.0	200	222
566.0	6.0	123	222
566.0	9.0	215	222
566.0	3.0	202	222
567.0	3.0	204	222
567.0	9.0	215	222
567.0	6.0	124	222
568.0	3.0	206	222
568.0	9.0	215	222
568.0	6.0	125	222
569.0	9.0	215	222
569.0	6.0	126	222
569.0	3.0	208	222
570.0	3.0	210	222
570.0	9.0	215	222
570.0	6.0	127	222
571.0	6.0	128	222
571.0	3.0	212	222
571.0	9.0	215	222
